ans =

     2     3     7     5     8     6     9     7    19    17


ans =

     1     2     4     4     5     5     5     5    10    10